{
 "cells": [
  {
   "cell_type": "markdown",
   "id": "1f80accc",
   "metadata": {},
   "source": [
    "## Formula to calculate average runs = Runs/(Inns - NO)"
   ]
  },
  {
   "cell_type": "code",
   "execution_count": 54,
   "id": "d3d9b116",
   "metadata": {},
   "outputs": [],
   "source": [
    "import pandas as pd\n",
    "import numpy as np\n",
    "from sklearn.linear_model import LinearRegression\n",
    "from sklearn.model_selection import train_test_split\n",
    "from sklearn.metrics import r2_score"
   ]
  },
  {
   "cell_type": "code",
   "execution_count": 55,
   "id": "2177e5ab",
   "metadata": {},
   "outputs": [
    {
     "data": {
      "text/html": [
       "<div>\n",
       "<style scoped>\n",
       "    .dataframe tbody tr th:only-of-type {\n",
       "        vertical-align: middle;\n",
       "    }\n",
       "\n",
       "    .dataframe tbody tr th {\n",
       "        vertical-align: top;\n",
       "    }\n",
       "\n",
       "    .dataframe thead th {\n",
       "        text-align: right;\n",
       "    }\n",
       "</style>\n",
       "<table border=\"1\" class=\"dataframe\">\n",
       "  <thead>\n",
       "    <tr style=\"text-align: right;\">\n",
       "      <th></th>\n",
       "      <th>Unnamed: 0</th>\n",
       "      <th>Span</th>\n",
       "      <th>Mat</th>\n",
       "      <th>Inns</th>\n",
       "      <th>NO</th>\n",
       "      <th>Runs</th>\n",
       "      <th>HS</th>\n",
       "      <th>Avg</th>\n",
       "      <th>BF</th>\n",
       "      <th>SR</th>\n",
       "      <th>100s</th>\n",
       "      <th>50s</th>\n",
       "      <th>0s</th>\n",
       "      <th>4s</th>\n",
       "      <th>6s</th>\n",
       "      <th>log_Runs</th>\n",
       "      <th>log_Inns</th>\n",
       "      <th>log_NO</th>\n",
       "      <th>log_Avg</th>\n",
       "    </tr>\n",
       "  </thead>\n",
       "  <tbody>\n",
       "    <tr>\n",
       "      <th>0</th>\n",
       "      <td>overview</td>\n",
       "      <td>0.0</td>\n",
       "      <td>109</td>\n",
       "      <td>185</td>\n",
       "      <td>11</td>\n",
       "      <td>8479</td>\n",
       "      <td>254</td>\n",
       "      <td>48.72</td>\n",
       "      <td>15320</td>\n",
       "      <td>55.34</td>\n",
       "      <td>28</td>\n",
       "      <td>28</td>\n",
       "      <td>14</td>\n",
       "      <td>950</td>\n",
       "      <td>24</td>\n",
       "      <td>9.045348</td>\n",
       "      <td>5.220356e+00</td>\n",
       "      <td>2.397895e+00</td>\n",
       "      <td>3.886090</td>\n",
       "    </tr>\n",
       "    <tr>\n",
       "      <th>1</th>\n",
       "      <td>vs Australia</td>\n",
       "      <td>0.0</td>\n",
       "      <td>25</td>\n",
       "      <td>44</td>\n",
       "      <td>1</td>\n",
       "      <td>2042</td>\n",
       "      <td>186</td>\n",
       "      <td>47.48</td>\n",
       "      <td>3896</td>\n",
       "      <td>52.41</td>\n",
       "      <td>8</td>\n",
       "      <td>5</td>\n",
       "      <td>3</td>\n",
       "      <td>227</td>\n",
       "      <td>5</td>\n",
       "      <td>7.621685</td>\n",
       "      <td>3.784190e+00</td>\n",
       "      <td>1.000000e-10</td>\n",
       "      <td>3.860309</td>\n",
       "    </tr>\n",
       "    <tr>\n",
       "      <th>2</th>\n",
       "      <td>vs Bangladesh</td>\n",
       "      <td>0.0</td>\n",
       "      <td>6</td>\n",
       "      <td>9</td>\n",
       "      <td>1</td>\n",
       "      <td>437</td>\n",
       "      <td>204</td>\n",
       "      <td>54.62</td>\n",
       "      <td>633</td>\n",
       "      <td>69.03</td>\n",
       "      <td>2</td>\n",
       "      <td>0</td>\n",
       "      <td>1</td>\n",
       "      <td>49</td>\n",
       "      <td>1</td>\n",
       "      <td>6.079933</td>\n",
       "      <td>2.197225e+00</td>\n",
       "      <td>1.000000e-10</td>\n",
       "      <td>4.000400</td>\n",
       "    </tr>\n",
       "    <tr>\n",
       "      <th>3</th>\n",
       "      <td>vs England</td>\n",
       "      <td>0.0</td>\n",
       "      <td>28</td>\n",
       "      <td>50</td>\n",
       "      <td>3</td>\n",
       "      <td>1991</td>\n",
       "      <td>235</td>\n",
       "      <td>42.36</td>\n",
       "      <td>3824</td>\n",
       "      <td>52.06</td>\n",
       "      <td>5</td>\n",
       "      <td>9</td>\n",
       "      <td>6</td>\n",
       "      <td>235</td>\n",
       "      <td>2</td>\n",
       "      <td>7.596392</td>\n",
       "      <td>3.912023e+00</td>\n",
       "      <td>1.098612e+00</td>\n",
       "      <td>3.746205</td>\n",
       "    </tr>\n",
       "    <tr>\n",
       "      <th>4</th>\n",
       "      <td>vs New Zealand</td>\n",
       "      <td>0.0</td>\n",
       "      <td>11</td>\n",
       "      <td>21</td>\n",
       "      <td>2</td>\n",
       "      <td>866</td>\n",
       "      <td>211</td>\n",
       "      <td>45.57</td>\n",
       "      <td>1606</td>\n",
       "      <td>53.92</td>\n",
       "      <td>3</td>\n",
       "      <td>3</td>\n",
       "      <td>1</td>\n",
       "      <td>105</td>\n",
       "      <td>3</td>\n",
       "      <td>6.763885</td>\n",
       "      <td>3.044522e+00</td>\n",
       "      <td>6.931472e-01</td>\n",
       "      <td>3.819250</td>\n",
       "    </tr>\n",
       "    <tr>\n",
       "      <th>...</th>\n",
       "      <td>...</td>\n",
       "      <td>...</td>\n",
       "      <td>...</td>\n",
       "      <td>...</td>\n",
       "      <td>...</td>\n",
       "      <td>...</td>\n",
       "      <td>...</td>\n",
       "      <td>...</td>\n",
       "      <td>...</td>\n",
       "      <td>...</td>\n",
       "      <td>...</td>\n",
       "      <td>...</td>\n",
       "      <td>...</td>\n",
       "      <td>...</td>\n",
       "      <td>...</td>\n",
       "      <td>...</td>\n",
       "      <td>...</td>\n",
       "      <td>...</td>\n",
       "      <td>...</td>\n",
       "    </tr>\n",
       "    <tr>\n",
       "      <th>106</th>\n",
       "      <td>3rd position</td>\n",
       "      <td>0.0</td>\n",
       "      <td>4</td>\n",
       "      <td>6</td>\n",
       "      <td>1</td>\n",
       "      <td>97</td>\n",
       "      <td>41</td>\n",
       "      <td>19.40</td>\n",
       "      <td>175</td>\n",
       "      <td>55.42</td>\n",
       "      <td>0</td>\n",
       "      <td>0</td>\n",
       "      <td>0</td>\n",
       "      <td>13</td>\n",
       "      <td>0</td>\n",
       "      <td>4.574711</td>\n",
       "      <td>1.791759e+00</td>\n",
       "      <td>1.000000e-10</td>\n",
       "      <td>2.965273</td>\n",
       "    </tr>\n",
       "    <tr>\n",
       "      <th>107</th>\n",
       "      <td>4th position</td>\n",
       "      <td>0.0</td>\n",
       "      <td>85</td>\n",
       "      <td>139</td>\n",
       "      <td>7</td>\n",
       "      <td>6934</td>\n",
       "      <td>254</td>\n",
       "      <td>52.53</td>\n",
       "      <td>12162</td>\n",
       "      <td>57.01</td>\n",
       "      <td>24</td>\n",
       "      <td>19</td>\n",
       "      <td>12</td>\n",
       "      <td>771</td>\n",
       "      <td>17</td>\n",
       "      <td>8.844192</td>\n",
       "      <td>4.934474e+00</td>\n",
       "      <td>1.945910e+00</td>\n",
       "      <td>3.961384</td>\n",
       "    </tr>\n",
       "    <tr>\n",
       "      <th>108</th>\n",
       "      <td>5th position</td>\n",
       "      <td>0.0</td>\n",
       "      <td>25</td>\n",
       "      <td>30</td>\n",
       "      <td>3</td>\n",
       "      <td>1033</td>\n",
       "      <td>107</td>\n",
       "      <td>38.25</td>\n",
       "      <td>2179</td>\n",
       "      <td>47.40</td>\n",
       "      <td>3</td>\n",
       "      <td>6</td>\n",
       "      <td>1</td>\n",
       "      <td>124</td>\n",
       "      <td>5</td>\n",
       "      <td>6.940222</td>\n",
       "      <td>3.401197e+00</td>\n",
       "      <td>1.098612e+00</td>\n",
       "      <td>3.644144</td>\n",
       "    </tr>\n",
       "    <tr>\n",
       "      <th>109</th>\n",
       "      <td>6th position</td>\n",
       "      <td>0.0</td>\n",
       "      <td>5</td>\n",
       "      <td>9</td>\n",
       "      <td>0</td>\n",
       "      <td>404</td>\n",
       "      <td>116</td>\n",
       "      <td>44.88</td>\n",
       "      <td>783</td>\n",
       "      <td>51.59</td>\n",
       "      <td>1</td>\n",
       "      <td>3</td>\n",
       "      <td>1</td>\n",
       "      <td>41</td>\n",
       "      <td>2</td>\n",
       "      <td>6.001415</td>\n",
       "      <td>2.197225e+00</td>\n",
       "      <td>-2.302585e+01</td>\n",
       "      <td>3.803992</td>\n",
       "    </tr>\n",
       "    <tr>\n",
       "      <th>110</th>\n",
       "      <td>7th position</td>\n",
       "      <td>0.0</td>\n",
       "      <td>1</td>\n",
       "      <td>1</td>\n",
       "      <td>0</td>\n",
       "      <td>11</td>\n",
       "      <td>11</td>\n",
       "      <td>11.00</td>\n",
       "      <td>21</td>\n",
       "      <td>52.38</td>\n",
       "      <td>0</td>\n",
       "      <td>0</td>\n",
       "      <td>0</td>\n",
       "      <td>1</td>\n",
       "      <td>0</td>\n",
       "      <td>2.397895</td>\n",
       "      <td>1.000000e-10</td>\n",
       "      <td>-2.302585e+01</td>\n",
       "      <td>2.397895</td>\n",
       "    </tr>\n",
       "  </tbody>\n",
       "</table>\n",
       "<p>111 rows × 19 columns</p>\n",
       "</div>"
      ],
      "text/plain": [
       "         Unnamed: 0  Span  Mat  Inns  NO  Runs   HS    Avg     BF     SR  \\\n",
       "0          overview   0.0  109   185  11  8479  254  48.72  15320  55.34   \n",
       "1      vs Australia   0.0   25    44   1  2042  186  47.48   3896  52.41   \n",
       "2     vs Bangladesh   0.0    6     9   1   437  204  54.62    633  69.03   \n",
       "3        vs England   0.0   28    50   3  1991  235  42.36   3824  52.06   \n",
       "4    vs New Zealand   0.0   11    21   2   866  211  45.57   1606  53.92   \n",
       "..              ...   ...  ...   ...  ..   ...  ...    ...    ...    ...   \n",
       "106    3rd position   0.0    4     6   1    97   41  19.40    175  55.42   \n",
       "107    4th position   0.0   85   139   7  6934  254  52.53  12162  57.01   \n",
       "108    5th position   0.0   25    30   3  1033  107  38.25   2179  47.40   \n",
       "109    6th position   0.0    5     9   0   404  116  44.88    783  51.59   \n",
       "110    7th position   0.0    1     1   0    11   11  11.00     21  52.38   \n",
       "\n",
       "     100s  50s  0s   4s  6s  log_Runs      log_Inns        log_NO   log_Avg  \n",
       "0      28   28  14  950  24  9.045348  5.220356e+00  2.397895e+00  3.886090  \n",
       "1       8    5   3  227   5  7.621685  3.784190e+00  1.000000e-10  3.860309  \n",
       "2       2    0   1   49   1  6.079933  2.197225e+00  1.000000e-10  4.000400  \n",
       "3       5    9   6  235   2  7.596392  3.912023e+00  1.098612e+00  3.746205  \n",
       "4       3    3   1  105   3  6.763885  3.044522e+00  6.931472e-01  3.819250  \n",
       "..    ...  ...  ..  ...  ..       ...           ...           ...       ...  \n",
       "106     0    0   0   13   0  4.574711  1.791759e+00  1.000000e-10  2.965273  \n",
       "107    24   19  12  771  17  8.844192  4.934474e+00  1.945910e+00  3.961384  \n",
       "108     3    6   1  124   5  6.940222  3.401197e+00  1.098612e+00  3.644144  \n",
       "109     1    3   1   41   2  6.001415  2.197225e+00 -2.302585e+01  3.803992  \n",
       "110     0    0   0    1   0  2.397895  1.000000e-10 -2.302585e+01  2.397895  \n",
       "\n",
       "[111 rows x 19 columns]"
      ]
     },
     "execution_count": 55,
     "metadata": {},
     "output_type": "execute_result"
    }
   ],
   "source": [
    "df = pd.read_csv(\"virat.csv\")\n",
    "\n",
    "small_constant = 1e-10\n",
    "df['log_Runs'] = np.log(df['Runs'] + small_constant)\n",
    "df['log_Inns'] = np.log(df['Inns'] + small_constant)\n",
    "df['log_NO'] = np.log(df['NO'] + small_constant)\n",
    "df['log_Avg'] = np.log(df['Avg'] + small_constant)\n",
    "df"
   ]
  },
  {
   "cell_type": "code",
   "execution_count": 56,
   "id": "5fc5824c",
   "metadata": {},
   "outputs": [
    {
     "data": {
      "text/html": [
       "<div>\n",
       "<style scoped>\n",
       "    .dataframe tbody tr th:only-of-type {\n",
       "        vertical-align: middle;\n",
       "    }\n",
       "\n",
       "    .dataframe tbody tr th {\n",
       "        vertical-align: top;\n",
       "    }\n",
       "\n",
       "    .dataframe thead th {\n",
       "        text-align: right;\n",
       "    }\n",
       "</style>\n",
       "<table border=\"1\" class=\"dataframe\">\n",
       "  <thead>\n",
       "    <tr style=\"text-align: right;\">\n",
       "      <th></th>\n",
       "      <th>log_Runs</th>\n",
       "      <th>log_Inns</th>\n",
       "      <th>log_NO</th>\n",
       "      <th>log_Avg</th>\n",
       "    </tr>\n",
       "  </thead>\n",
       "  <tbody>\n",
       "    <tr>\n",
       "      <th>0</th>\n",
       "      <td>9.045348</td>\n",
       "      <td>5.220356e+00</td>\n",
       "      <td>2.397895e+00</td>\n",
       "      <td>3.886090</td>\n",
       "    </tr>\n",
       "    <tr>\n",
       "      <th>1</th>\n",
       "      <td>7.621685</td>\n",
       "      <td>3.784190e+00</td>\n",
       "      <td>1.000000e-10</td>\n",
       "      <td>3.860309</td>\n",
       "    </tr>\n",
       "    <tr>\n",
       "      <th>2</th>\n",
       "      <td>6.079933</td>\n",
       "      <td>2.197225e+00</td>\n",
       "      <td>1.000000e-10</td>\n",
       "      <td>4.000400</td>\n",
       "    </tr>\n",
       "    <tr>\n",
       "      <th>3</th>\n",
       "      <td>7.596392</td>\n",
       "      <td>3.912023e+00</td>\n",
       "      <td>1.098612e+00</td>\n",
       "      <td>3.746205</td>\n",
       "    </tr>\n",
       "    <tr>\n",
       "      <th>4</th>\n",
       "      <td>6.763885</td>\n",
       "      <td>3.044522e+00</td>\n",
       "      <td>6.931472e-01</td>\n",
       "      <td>3.819250</td>\n",
       "    </tr>\n",
       "    <tr>\n",
       "      <th>...</th>\n",
       "      <td>...</td>\n",
       "      <td>...</td>\n",
       "      <td>...</td>\n",
       "      <td>...</td>\n",
       "    </tr>\n",
       "    <tr>\n",
       "      <th>106</th>\n",
       "      <td>4.574711</td>\n",
       "      <td>1.791759e+00</td>\n",
       "      <td>1.000000e-10</td>\n",
       "      <td>2.965273</td>\n",
       "    </tr>\n",
       "    <tr>\n",
       "      <th>107</th>\n",
       "      <td>8.844192</td>\n",
       "      <td>4.934474e+00</td>\n",
       "      <td>1.945910e+00</td>\n",
       "      <td>3.961384</td>\n",
       "    </tr>\n",
       "    <tr>\n",
       "      <th>108</th>\n",
       "      <td>6.940222</td>\n",
       "      <td>3.401197e+00</td>\n",
       "      <td>1.098612e+00</td>\n",
       "      <td>3.644144</td>\n",
       "    </tr>\n",
       "    <tr>\n",
       "      <th>109</th>\n",
       "      <td>6.001415</td>\n",
       "      <td>2.197225e+00</td>\n",
       "      <td>-2.302585e+01</td>\n",
       "      <td>3.803992</td>\n",
       "    </tr>\n",
       "    <tr>\n",
       "      <th>110</th>\n",
       "      <td>2.397895</td>\n",
       "      <td>1.000000e-10</td>\n",
       "      <td>-2.302585e+01</td>\n",
       "      <td>2.397895</td>\n",
       "    </tr>\n",
       "  </tbody>\n",
       "</table>\n",
       "<p>111 rows × 4 columns</p>\n",
       "</div>"
      ],
      "text/plain": [
       "     log_Runs      log_Inns        log_NO   log_Avg\n",
       "0    9.045348  5.220356e+00  2.397895e+00  3.886090\n",
       "1    7.621685  3.784190e+00  1.000000e-10  3.860309\n",
       "2    6.079933  2.197225e+00  1.000000e-10  4.000400\n",
       "3    7.596392  3.912023e+00  1.098612e+00  3.746205\n",
       "4    6.763885  3.044522e+00  6.931472e-01  3.819250\n",
       "..        ...           ...           ...       ...\n",
       "106  4.574711  1.791759e+00  1.000000e-10  2.965273\n",
       "107  8.844192  4.934474e+00  1.945910e+00  3.961384\n",
       "108  6.940222  3.401197e+00  1.098612e+00  3.644144\n",
       "109  6.001415  2.197225e+00 -2.302585e+01  3.803992\n",
       "110  2.397895  1.000000e-10 -2.302585e+01  2.397895\n",
       "\n",
       "[111 rows x 4 columns]"
      ]
     },
     "execution_count": 56,
     "metadata": {},
     "output_type": "execute_result"
    }
   ],
   "source": [
    "X = df.drop(columns=['Avg','Unnamed: 0','Span','Mat','HS','BF','SR','100s','50s','0s','4s','6s',\"Inns\", \"NO\", \"Runs\"])\n",
    "X   "
   ]
  },
  {
   "cell_type": "code",
   "execution_count": 57,
   "id": "2868fa13",
   "metadata": {},
   "outputs": [
    {
     "data": {
      "text/plain": [
       "0      3.886090\n",
       "1      3.860309\n",
       "2      4.000400\n",
       "3      3.746205\n",
       "4      3.819250\n",
       "         ...   \n",
       "106    2.965273\n",
       "107    3.961384\n",
       "108    3.644144\n",
       "109    3.803992\n",
       "110    2.397895\n",
       "Name: log_Avg, Length: 111, dtype: float64"
      ]
     },
     "execution_count": 57,
     "metadata": {},
     "output_type": "execute_result"
    }
   ],
   "source": [
    "y = df['log_Avg']\n",
    "y"
   ]
  },
  {
   "cell_type": "code",
   "execution_count": 58,
   "id": "b17225b3",
   "metadata": {},
   "outputs": [
    {
     "data": {
      "text/html": [
       "<div>\n",
       "<style scoped>\n",
       "    .dataframe tbody tr th:only-of-type {\n",
       "        vertical-align: middle;\n",
       "    }\n",
       "\n",
       "    .dataframe tbody tr th {\n",
       "        vertical-align: top;\n",
       "    }\n",
       "\n",
       "    .dataframe thead th {\n",
       "        text-align: right;\n",
       "    }\n",
       "</style>\n",
       "<table border=\"1\" class=\"dataframe\">\n",
       "  <thead>\n",
       "    <tr style=\"text-align: right;\">\n",
       "      <th></th>\n",
       "      <th>Span</th>\n",
       "      <th>Mat</th>\n",
       "      <th>Inns</th>\n",
       "      <th>NO</th>\n",
       "      <th>Runs</th>\n",
       "      <th>HS</th>\n",
       "      <th>Avg</th>\n",
       "      <th>BF</th>\n",
       "      <th>SR</th>\n",
       "      <th>100s</th>\n",
       "      <th>50s</th>\n",
       "      <th>0s</th>\n",
       "      <th>4s</th>\n",
       "      <th>6s</th>\n",
       "      <th>log_Runs</th>\n",
       "      <th>log_Inns</th>\n",
       "      <th>log_NO</th>\n",
       "      <th>log_Avg</th>\n",
       "    </tr>\n",
       "  </thead>\n",
       "  <tbody>\n",
       "    <tr>\n",
       "      <th>Span</th>\n",
       "      <td>NaN</td>\n",
       "      <td>NaN</td>\n",
       "      <td>NaN</td>\n",
       "      <td>NaN</td>\n",
       "      <td>NaN</td>\n",
       "      <td>NaN</td>\n",
       "      <td>NaN</td>\n",
       "      <td>NaN</td>\n",
       "      <td>NaN</td>\n",
       "      <td>NaN</td>\n",
       "      <td>NaN</td>\n",
       "      <td>NaN</td>\n",
       "      <td>NaN</td>\n",
       "      <td>NaN</td>\n",
       "      <td>NaN</td>\n",
       "      <td>NaN</td>\n",
       "      <td>NaN</td>\n",
       "      <td>NaN</td>\n",
       "    </tr>\n",
       "    <tr>\n",
       "      <th>Mat</th>\n",
       "      <td>NaN</td>\n",
       "      <td>1.000000</td>\n",
       "      <td>0.968020</td>\n",
       "      <td>0.860528</td>\n",
       "      <td>0.960933</td>\n",
       "      <td>0.577910</td>\n",
       "      <td>0.133044</td>\n",
       "      <td>0.964274</td>\n",
       "      <td>0.144398</td>\n",
       "      <td>0.919117</td>\n",
       "      <td>0.950186</td>\n",
       "      <td>0.929003</td>\n",
       "      <td>0.962205</td>\n",
       "      <td>0.933433</td>\n",
       "      <td>0.791059</td>\n",
       "      <td>0.849085</td>\n",
       "      <td>0.512173</td>\n",
       "      <td>0.221261</td>\n",
       "    </tr>\n",
       "    <tr>\n",
       "      <th>Inns</th>\n",
       "      <td>NaN</td>\n",
       "      <td>0.968020</td>\n",
       "      <td>1.000000</td>\n",
       "      <td>0.878171</td>\n",
       "      <td>0.985068</td>\n",
       "      <td>0.587854</td>\n",
       "      <td>0.115405</td>\n",
       "      <td>0.990099</td>\n",
       "      <td>0.131229</td>\n",
       "      <td>0.935528</td>\n",
       "      <td>0.982336</td>\n",
       "      <td>0.959179</td>\n",
       "      <td>0.987322</td>\n",
       "      <td>0.950296</td>\n",
       "      <td>0.796430</td>\n",
       "      <td>0.859083</td>\n",
       "      <td>0.491411</td>\n",
       "      <td>0.207128</td>\n",
       "    </tr>\n",
       "    <tr>\n",
       "      <th>NO</th>\n",
       "      <td>NaN</td>\n",
       "      <td>0.860528</td>\n",
       "      <td>0.878171</td>\n",
       "      <td>1.000000</td>\n",
       "      <td>0.868722</td>\n",
       "      <td>0.562627</td>\n",
       "      <td>0.190858</td>\n",
       "      <td>0.863634</td>\n",
       "      <td>0.219061</td>\n",
       "      <td>0.816195</td>\n",
       "      <td>0.884751</td>\n",
       "      <td>0.812239</td>\n",
       "      <td>0.867451</td>\n",
       "      <td>0.901189</td>\n",
       "      <td>0.708445</td>\n",
       "      <td>0.755712</td>\n",
       "      <td>0.640879</td>\n",
       "      <td>0.255109</td>\n",
       "    </tr>\n",
       "    <tr>\n",
       "      <th>Runs</th>\n",
       "      <td>NaN</td>\n",
       "      <td>0.960933</td>\n",
       "      <td>0.985068</td>\n",
       "      <td>0.868722</td>\n",
       "      <td>1.000000</td>\n",
       "      <td>0.633771</td>\n",
       "      <td>0.214226</td>\n",
       "      <td>0.998543</td>\n",
       "      <td>0.200604</td>\n",
       "      <td>0.976882</td>\n",
       "      <td>0.963668</td>\n",
       "      <td>0.948856</td>\n",
       "      <td>0.999345</td>\n",
       "      <td>0.970890</td>\n",
       "      <td>0.807081</td>\n",
       "      <td>0.841640</td>\n",
       "      <td>0.500481</td>\n",
       "      <td>0.291260</td>\n",
       "    </tr>\n",
       "    <tr>\n",
       "      <th>HS</th>\n",
       "      <td>NaN</td>\n",
       "      <td>0.577910</td>\n",
       "      <td>0.587854</td>\n",
       "      <td>0.562627</td>\n",
       "      <td>0.633771</td>\n",
       "      <td>1.000000</td>\n",
       "      <td>0.623516</td>\n",
       "      <td>0.621206</td>\n",
       "      <td>0.577004</td>\n",
       "      <td>0.630285</td>\n",
       "      <td>0.571754</td>\n",
       "      <td>0.580813</td>\n",
       "      <td>0.632430</td>\n",
       "      <td>0.625356</td>\n",
       "      <td>0.833211</td>\n",
       "      <td>0.724674</td>\n",
       "      <td>0.541449</td>\n",
       "      <td>0.711437</td>\n",
       "    </tr>\n",
       "    <tr>\n",
       "      <th>Avg</th>\n",
       "      <td>NaN</td>\n",
       "      <td>0.133044</td>\n",
       "      <td>0.115405</td>\n",
       "      <td>0.190858</td>\n",
       "      <td>0.214226</td>\n",
       "      <td>0.623516</td>\n",
       "      <td>1.000000</td>\n",
       "      <td>0.190355</td>\n",
       "      <td>0.684991</td>\n",
       "      <td>0.294325</td>\n",
       "      <td>0.127767</td>\n",
       "      <td>0.089454</td>\n",
       "      <td>0.207225</td>\n",
       "      <td>0.244958</td>\n",
       "      <td>0.454241</td>\n",
       "      <td>0.205856</td>\n",
       "      <td>0.348504</td>\n",
       "      <td>0.954718</td>\n",
       "    </tr>\n",
       "    <tr>\n",
       "      <th>BF</th>\n",
       "      <td>NaN</td>\n",
       "      <td>0.964274</td>\n",
       "      <td>0.990099</td>\n",
       "      <td>0.863634</td>\n",
       "      <td>0.998543</td>\n",
       "      <td>0.621206</td>\n",
       "      <td>0.190355</td>\n",
       "      <td>1.000000</td>\n",
       "      <td>0.166158</td>\n",
       "      <td>0.971202</td>\n",
       "      <td>0.970033</td>\n",
       "      <td>0.953677</td>\n",
       "      <td>0.998804</td>\n",
       "      <td>0.965800</td>\n",
       "      <td>0.808340</td>\n",
       "      <td>0.849216</td>\n",
       "      <td>0.494168</td>\n",
       "      <td>0.272367</td>\n",
       "    </tr>\n",
       "    <tr>\n",
       "      <th>SR</th>\n",
       "      <td>NaN</td>\n",
       "      <td>0.144398</td>\n",
       "      <td>0.131229</td>\n",
       "      <td>0.219061</td>\n",
       "      <td>0.200604</td>\n",
       "      <td>0.577004</td>\n",
       "      <td>0.684991</td>\n",
       "      <td>0.166158</td>\n",
       "      <td>1.000000</td>\n",
       "      <td>0.254611</td>\n",
       "      <td>0.115271</td>\n",
       "      <td>0.118334</td>\n",
       "      <td>0.193969</td>\n",
       "      <td>0.239735</td>\n",
       "      <td>0.328692</td>\n",
       "      <td>0.156745</td>\n",
       "      <td>0.337362</td>\n",
       "      <td>0.669030</td>\n",
       "    </tr>\n",
       "    <tr>\n",
       "      <th>100s</th>\n",
       "      <td>NaN</td>\n",
       "      <td>0.919117</td>\n",
       "      <td>0.935528</td>\n",
       "      <td>0.816195</td>\n",
       "      <td>0.976882</td>\n",
       "      <td>0.630285</td>\n",
       "      <td>0.294325</td>\n",
       "      <td>0.971202</td>\n",
       "      <td>0.254611</td>\n",
       "      <td>1.000000</td>\n",
       "      <td>0.898752</td>\n",
       "      <td>0.911165</td>\n",
       "      <td>0.973492</td>\n",
       "      <td>0.963194</td>\n",
       "      <td>0.786464</td>\n",
       "      <td>0.795388</td>\n",
       "      <td>0.495375</td>\n",
       "      <td>0.353853</td>\n",
       "    </tr>\n",
       "    <tr>\n",
       "      <th>50s</th>\n",
       "      <td>NaN</td>\n",
       "      <td>0.950186</td>\n",
       "      <td>0.982336</td>\n",
       "      <td>0.884751</td>\n",
       "      <td>0.963668</td>\n",
       "      <td>0.571754</td>\n",
       "      <td>0.127767</td>\n",
       "      <td>0.970033</td>\n",
       "      <td>0.115271</td>\n",
       "      <td>0.898752</td>\n",
       "      <td>1.000000</td>\n",
       "      <td>0.938135</td>\n",
       "      <td>0.966498</td>\n",
       "      <td>0.927690</td>\n",
       "      <td>0.795393</td>\n",
       "      <td>0.852399</td>\n",
       "      <td>0.481471</td>\n",
       "      <td>0.223833</td>\n",
       "    </tr>\n",
       "    <tr>\n",
       "      <th>0s</th>\n",
       "      <td>NaN</td>\n",
       "      <td>0.929003</td>\n",
       "      <td>0.959179</td>\n",
       "      <td>0.812239</td>\n",
       "      <td>0.948856</td>\n",
       "      <td>0.580813</td>\n",
       "      <td>0.089454</td>\n",
       "      <td>0.953677</td>\n",
       "      <td>0.118334</td>\n",
       "      <td>0.911165</td>\n",
       "      <td>0.938135</td>\n",
       "      <td>1.000000</td>\n",
       "      <td>0.949491</td>\n",
       "      <td>0.922767</td>\n",
       "      <td>0.767221</td>\n",
       "      <td>0.833836</td>\n",
       "      <td>0.437025</td>\n",
       "      <td>0.174627</td>\n",
       "    </tr>\n",
       "    <tr>\n",
       "      <th>4s</th>\n",
       "      <td>NaN</td>\n",
       "      <td>0.962205</td>\n",
       "      <td>0.987322</td>\n",
       "      <td>0.867451</td>\n",
       "      <td>0.999345</td>\n",
       "      <td>0.632430</td>\n",
       "      <td>0.207225</td>\n",
       "      <td>0.998804</td>\n",
       "      <td>0.193969</td>\n",
       "      <td>0.973492</td>\n",
       "      <td>0.966498</td>\n",
       "      <td>0.949491</td>\n",
       "      <td>1.000000</td>\n",
       "      <td>0.966418</td>\n",
       "      <td>0.808647</td>\n",
       "      <td>0.845300</td>\n",
       "      <td>0.503542</td>\n",
       "      <td>0.286405</td>\n",
       "    </tr>\n",
       "    <tr>\n",
       "      <th>6s</th>\n",
       "      <td>NaN</td>\n",
       "      <td>0.933433</td>\n",
       "      <td>0.950296</td>\n",
       "      <td>0.901189</td>\n",
       "      <td>0.970890</td>\n",
       "      <td>0.625356</td>\n",
       "      <td>0.244958</td>\n",
       "      <td>0.965800</td>\n",
       "      <td>0.239735</td>\n",
       "      <td>0.963194</td>\n",
       "      <td>0.927690</td>\n",
       "      <td>0.922767</td>\n",
       "      <td>0.966418</td>\n",
       "      <td>1.000000</td>\n",
       "      <td>0.783719</td>\n",
       "      <td>0.811238</td>\n",
       "      <td>0.536997</td>\n",
       "      <td>0.311299</td>\n",
       "    </tr>\n",
       "    <tr>\n",
       "      <th>log_Runs</th>\n",
       "      <td>NaN</td>\n",
       "      <td>0.791059</td>\n",
       "      <td>0.796430</td>\n",
       "      <td>0.708445</td>\n",
       "      <td>0.807081</td>\n",
       "      <td>0.833211</td>\n",
       "      <td>0.454241</td>\n",
       "      <td>0.808340</td>\n",
       "      <td>0.328692</td>\n",
       "      <td>0.786464</td>\n",
       "      <td>0.795393</td>\n",
       "      <td>0.767221</td>\n",
       "      <td>0.808647</td>\n",
       "      <td>0.783719</td>\n",
       "      <td>1.000000</td>\n",
       "      <td>0.959312</td>\n",
       "      <td>0.566900</td>\n",
       "      <td>0.591771</td>\n",
       "    </tr>\n",
       "    <tr>\n",
       "      <th>log_Inns</th>\n",
       "      <td>NaN</td>\n",
       "      <td>0.849085</td>\n",
       "      <td>0.859083</td>\n",
       "      <td>0.755712</td>\n",
       "      <td>0.841640</td>\n",
       "      <td>0.724674</td>\n",
       "      <td>0.205856</td>\n",
       "      <td>0.849216</td>\n",
       "      <td>0.156745</td>\n",
       "      <td>0.795388</td>\n",
       "      <td>0.852399</td>\n",
       "      <td>0.833836</td>\n",
       "      <td>0.845300</td>\n",
       "      <td>0.811238</td>\n",
       "      <td>0.959312</td>\n",
       "      <td>1.000000</td>\n",
       "      <td>0.570643</td>\n",
       "      <td>0.345195</td>\n",
       "    </tr>\n",
       "    <tr>\n",
       "      <th>log_NO</th>\n",
       "      <td>NaN</td>\n",
       "      <td>0.512173</td>\n",
       "      <td>0.491411</td>\n",
       "      <td>0.640879</td>\n",
       "      <td>0.500481</td>\n",
       "      <td>0.541449</td>\n",
       "      <td>0.348504</td>\n",
       "      <td>0.494168</td>\n",
       "      <td>0.337362</td>\n",
       "      <td>0.495375</td>\n",
       "      <td>0.481471</td>\n",
       "      <td>0.437025</td>\n",
       "      <td>0.503542</td>\n",
       "      <td>0.536997</td>\n",
       "      <td>0.566900</td>\n",
       "      <td>0.570643</td>\n",
       "      <td>1.000000</td>\n",
       "      <td>0.373260</td>\n",
       "    </tr>\n",
       "    <tr>\n",
       "      <th>log_Avg</th>\n",
       "      <td>NaN</td>\n",
       "      <td>0.221261</td>\n",
       "      <td>0.207128</td>\n",
       "      <td>0.255109</td>\n",
       "      <td>0.291260</td>\n",
       "      <td>0.711437</td>\n",
       "      <td>0.954718</td>\n",
       "      <td>0.272367</td>\n",
       "      <td>0.669030</td>\n",
       "      <td>0.353853</td>\n",
       "      <td>0.223833</td>\n",
       "      <td>0.174627</td>\n",
       "      <td>0.286405</td>\n",
       "      <td>0.311299</td>\n",
       "      <td>0.591771</td>\n",
       "      <td>0.345195</td>\n",
       "      <td>0.373260</td>\n",
       "      <td>1.000000</td>\n",
       "    </tr>\n",
       "  </tbody>\n",
       "</table>\n",
       "</div>"
      ],
      "text/plain": [
       "          Span       Mat      Inns        NO      Runs        HS       Avg  \\\n",
       "Span       NaN       NaN       NaN       NaN       NaN       NaN       NaN   \n",
       "Mat        NaN  1.000000  0.968020  0.860528  0.960933  0.577910  0.133044   \n",
       "Inns       NaN  0.968020  1.000000  0.878171  0.985068  0.587854  0.115405   \n",
       "NO         NaN  0.860528  0.878171  1.000000  0.868722  0.562627  0.190858   \n",
       "Runs       NaN  0.960933  0.985068  0.868722  1.000000  0.633771  0.214226   \n",
       "HS         NaN  0.577910  0.587854  0.562627  0.633771  1.000000  0.623516   \n",
       "Avg        NaN  0.133044  0.115405  0.190858  0.214226  0.623516  1.000000   \n",
       "BF         NaN  0.964274  0.990099  0.863634  0.998543  0.621206  0.190355   \n",
       "SR         NaN  0.144398  0.131229  0.219061  0.200604  0.577004  0.684991   \n",
       "100s       NaN  0.919117  0.935528  0.816195  0.976882  0.630285  0.294325   \n",
       "50s        NaN  0.950186  0.982336  0.884751  0.963668  0.571754  0.127767   \n",
       "0s         NaN  0.929003  0.959179  0.812239  0.948856  0.580813  0.089454   \n",
       "4s         NaN  0.962205  0.987322  0.867451  0.999345  0.632430  0.207225   \n",
       "6s         NaN  0.933433  0.950296  0.901189  0.970890  0.625356  0.244958   \n",
       "log_Runs   NaN  0.791059  0.796430  0.708445  0.807081  0.833211  0.454241   \n",
       "log_Inns   NaN  0.849085  0.859083  0.755712  0.841640  0.724674  0.205856   \n",
       "log_NO     NaN  0.512173  0.491411  0.640879  0.500481  0.541449  0.348504   \n",
       "log_Avg    NaN  0.221261  0.207128  0.255109  0.291260  0.711437  0.954718   \n",
       "\n",
       "                BF        SR      100s       50s        0s        4s  \\\n",
       "Span           NaN       NaN       NaN       NaN       NaN       NaN   \n",
       "Mat       0.964274  0.144398  0.919117  0.950186  0.929003  0.962205   \n",
       "Inns      0.990099  0.131229  0.935528  0.982336  0.959179  0.987322   \n",
       "NO        0.863634  0.219061  0.816195  0.884751  0.812239  0.867451   \n",
       "Runs      0.998543  0.200604  0.976882  0.963668  0.948856  0.999345   \n",
       "HS        0.621206  0.577004  0.630285  0.571754  0.580813  0.632430   \n",
       "Avg       0.190355  0.684991  0.294325  0.127767  0.089454  0.207225   \n",
       "BF        1.000000  0.166158  0.971202  0.970033  0.953677  0.998804   \n",
       "SR        0.166158  1.000000  0.254611  0.115271  0.118334  0.193969   \n",
       "100s      0.971202  0.254611  1.000000  0.898752  0.911165  0.973492   \n",
       "50s       0.970033  0.115271  0.898752  1.000000  0.938135  0.966498   \n",
       "0s        0.953677  0.118334  0.911165  0.938135  1.000000  0.949491   \n",
       "4s        0.998804  0.193969  0.973492  0.966498  0.949491  1.000000   \n",
       "6s        0.965800  0.239735  0.963194  0.927690  0.922767  0.966418   \n",
       "log_Runs  0.808340  0.328692  0.786464  0.795393  0.767221  0.808647   \n",
       "log_Inns  0.849216  0.156745  0.795388  0.852399  0.833836  0.845300   \n",
       "log_NO    0.494168  0.337362  0.495375  0.481471  0.437025  0.503542   \n",
       "log_Avg   0.272367  0.669030  0.353853  0.223833  0.174627  0.286405   \n",
       "\n",
       "                6s  log_Runs  log_Inns    log_NO   log_Avg  \n",
       "Span           NaN       NaN       NaN       NaN       NaN  \n",
       "Mat       0.933433  0.791059  0.849085  0.512173  0.221261  \n",
       "Inns      0.950296  0.796430  0.859083  0.491411  0.207128  \n",
       "NO        0.901189  0.708445  0.755712  0.640879  0.255109  \n",
       "Runs      0.970890  0.807081  0.841640  0.500481  0.291260  \n",
       "HS        0.625356  0.833211  0.724674  0.541449  0.711437  \n",
       "Avg       0.244958  0.454241  0.205856  0.348504  0.954718  \n",
       "BF        0.965800  0.808340  0.849216  0.494168  0.272367  \n",
       "SR        0.239735  0.328692  0.156745  0.337362  0.669030  \n",
       "100s      0.963194  0.786464  0.795388  0.495375  0.353853  \n",
       "50s       0.927690  0.795393  0.852399  0.481471  0.223833  \n",
       "0s        0.922767  0.767221  0.833836  0.437025  0.174627  \n",
       "4s        0.966418  0.808647  0.845300  0.503542  0.286405  \n",
       "6s        1.000000  0.783719  0.811238  0.536997  0.311299  \n",
       "log_Runs  0.783719  1.000000  0.959312  0.566900  0.591771  \n",
       "log_Inns  0.811238  0.959312  1.000000  0.570643  0.345195  \n",
       "log_NO    0.536997  0.566900  0.570643  1.000000  0.373260  \n",
       "log_Avg   0.311299  0.591771  0.345195  0.373260  1.000000  "
      ]
     },
     "execution_count": 58,
     "metadata": {},
     "output_type": "execute_result"
    }
   ],
   "source": [
    "df.corr()"
   ]
  },
  {
   "cell_type": "code",
   "execution_count": 59,
   "id": "8e8d7298",
   "metadata": {},
   "outputs": [
    {
     "data": {
      "text/plain": [
       "<AxesSubplot: >"
      ]
     },
     "execution_count": 59,
     "metadata": {},
     "output_type": "execute_result"
    },
    {
     "data": {
